5.794584589999999480e+02 5.618084215677088267e-02
5.812761960000000272e+02 6.132795590115014406e-02
5.830935190000000148e+02 6.645234595223881158e-02
5.849104290000000219e+02 7.155406141206643866e-02
5.867269250000000511e+02 7.663314570854229402e-02
5.885430069999999887e+02 8.168964504876274901e-02
5.903586749999999483e+02 8.672360559336356189e-02
5.921739290000000437e+02 9.173507345654519085e-02
5.939887690000000475e+02 9.672409470609100168e-02
5.958031959999999572e+02 1.016907180948458667e-01
5.976172080000000051e+02 1.066349841232709927e-01
5.994308069999999589e+02 1.115569441713009091e-01
6.012439920000000484e+02 1.164566413899357222e-01
6.030567630000000463e+02 1.213341216153320801e-01
6.048691199999999526e+02 1.261894306373774199e-01
6.066810639999999921e+02 1.310226168613315423e-01
6.084925930000000562e+02 1.358337206498396732e-01
6.103037090000000262e+02 1.406227929658347975e-01
6.121144110000000182e+02 1.453898767528403191e-01
6.139246990000000324e+02 1.501350175698497047e-01
6.157345729999999548e+02 1.548582609297368684e-01
6.175440330000000131e+02 1.595596522992845934e-01
6.193530789999999797e+02 1.642392370992040718e-01
6.211617119999999659e+02 1.688970632737802902e-01
6.229699309999999741e+02 1.735331735592247071e-01
6.247777350000000069e+02 1.781476106914330337e-01
6.265851259999999456e+02 1.827404250121493767e-01
6.283921030000000201e+02 1.873116591539631948e-01
6.301986670000000004e+02 1.918613607745083272e-01
6.320048160000000053e+02 1.963895699359219371e-01
6.338105520000000297e+02 2.008963367055622840e-01
6.356158729999999650e+02 2.053817010990863778e-01
6.374207810000000336e+02 2.098457130470134935e-01
6.392252750000000106e+02 2.142884149748702782e-01
6.410293550000000096e+02 2.187098517525671859e-01
6.428330220000000281e+02 2.231100706382673771e-01
6.446362739999999576e+02 2.274891115312289713e-01
6.464391130000000203e+02 2.318470240210523947e-01
6.482415369999999939e+02 2.361838479603077801e-01
6.500435479999999870e+02 2.404996328026496322e-01
6.518451450000000023e+02 2.447944207322336752e-01
6.536463280000000395e+02 2.490682562992843074e-01
6.554470979999999827e+02 2.533211863646491757e-01
6.572474529999999504e+02 2.575532506639750530e-01
6.590473950000000514e+02 2.617644983122273672e-01
6.608469219999999495e+02 2.659549689981570708e-01
6.626460359999999810e+02 2.701247117016740695e-01
6.644447360000000344e+02 2.742737683657945347e-01
6.662430219999999963e+02 2.784021832222483006e-01
6.680408949999999777e+02 2.825100027367235533e-01
6.698383529999999837e+02 2.865972664805274128e-01
6.716353980000000092e+02 2.906640230971020422e-01
6.734320290000000568e+02 2.947103143573808204e-01
6.752282460000000128e+02 2.987361842663456279e-01
6.770240489999999909e+02 3.027416767836905720e-01
6.788194379999999910e+02 3.067268358238459669e-01
6.806144130000000132e+02 3.106917052560018710e-01
6.824089750000000549e+02 3.146363310968522953e-01
6.842031220000000076e+02 3.185607527289988639e-01
6.859968559999999798e+02 3.224650182607922133e-01
6.877901759999999740e+02 3.263491691880440193e-01
6.895830819999999903e+02 3.302132491541676096e-01
6.913755740000000287e+02 3.340573017574803849e-01
6.931676529999999730e+02 3.378813726797842421e-01
6.949593170000000555e+02 3.416855011615496096e-01
6.967505680000000439e+02 3.454697349124744576e-01
6.985414050000000543e+02 3.492341152222477874e-01
7.003318279999999731e+02 3.529786854641385752e-01
7.021218370000000277e+02 3.567034889664650876e-01
7.039114319999999907e+02 3.604085690126246355e-01
7.057006129999999757e+02 3.640939688411100050e-01
7.074893809999999803e+02 3.677597336896174518e-01
7.092777340000000095e+02 3.714059026082843218e-01
7.110656739999999445e+02 3.750325227787727478e-01
7.128532000000000153e+02 3.786396352161949252e-01
7.146403119999999944e+02 3.822272829349633305e-01
7.164270109999999931e+02 3.857955108966475422e-01
7.182132950000000164e+02 3.893443580319733144e-01
7.199991659999999456e+02 3.928738711946455631e-01
7.217846220000000130e+02 3.963840892675087879e-01
7.235696649999999863e+02 3.998750589734920702e-01
7.253542939999999817e+02 4.033468210877213522e-01
7.271385089999999991e+02 4.067994183118859297e-01
7.289223110000000361e+02 4.102328952227698444e-01
7.307056979999999839e+02 4.136472905833117331e-01
7.324886719999999514e+02 4.170426507906714875e-01
7.342712309999999434e+02 4.204190145597075379e-01
7.360533769999999549e+02 4.237764281576805736e-01
7.378351089999999886e+02 4.271149321199692039e-01
7.396164270000000442e+02 4.304345688367234857e-01
7.413973320000000058e+02 4.337353825020606735e-01
7.431778219999999919e+02 4.370174117104403955e-01
7.449578989999999976e+02 4.402807024055337415e-01
7.467375610000000279e+02 4.435252931335194049e-01
7.485168099999999640e+02 4.467512297090432405e-01
7.502956450000000359e+02 4.499585524279821058e-01
7.520740660000000162e+02 4.531473033701249875e-01
7.538520740000000160e+02 4.563175263490384381e-01
7.556296670000000404e+02 4.594692597900156272e-01
7.574068469999999706e+02 4.626025491862826300e-01
7.591836130000000367e+02 4.657174346628099038e-01
7.609599650000000111e+02 4.688139580784431715e-01
7.627359030000000075e+02 4.718921612478941263e-01
7.645114270000000261e+02 4.749520859417737384e-01
7.662865369999999530e+02 4.779937738866109065e-01
7.680612340000000131e+02 4.810172684636255802e-01
7.698355159999999842e+02 4.840226079039373630e-01
7.716093849999999748e+02 4.870098371896856015e-01
7.733828399999999874e+02 4.899789961726259691e-01
7.751558810000000221e+02 4.929301263593006688e-01
7.769285079999999653e+02 4.958632692123150498e-01
7.787007220000000416e+02 4.987784677904452124e-01
7.804725210000000288e+02 5.016757601786165921e-01
7.822439070000000356e+02 5.045551909782610700e-01
7.840148789999999508e+02 5.074167998364509380e-01
7.857854370000000017e+02 5.102606279965242742e-01
7.875555809999999610e+02 5.130867166580257432e-01
7.893253110000000561e+02 5.158951069767305775e-01
7.910946269999999458e+02 5.186858400646707778e-01
7.928635299999999688e+02 5.214589585530737814e-01
7.946320190000000139e+02 5.242145018845114635e-01
7.964000929999999698e+02 5.269525094961671208e-01
7.981677539999999453e+02 5.296730254225372470e-01
7.999350010000000566e+02 5.323760890039879179e-01
8.017018349999999600e+02 5.350617426059325332e-01
8.034682540000000017e+02 5.377300239948552552e-01
8.052342599999999493e+02 5.403809769549052788e-01
8.069998510000000351e+02 5.430146392033541325e-01
8.087650290000000268e+02 5.456310543995144258e-01
8.105297930000000406e+02 5.482302616795373673e-01
8.122941429999999627e+02 5.508123016324906196e-01
8.140580800000000181e+02 5.533772162534171812e-01
8.158216019999999844e+02 5.559250431363853551e-01
8.175847109999999702e+02 5.584558256297480483e-01
8.193474049999999806e+02 5.609696012781779650e-01
8.211096860000000106e+02 5.634664133060476310e-01
8.228715529999999490e+02 5.659463006114826555e-01
8.246330060000000231e+02 5.684093034800690170e-01
8.263940460000000030e+02 5.708554635385532094e-01
8.281546710000000076e+02 5.732848182079410826e-01
8.299148830000000316e+02 5.756974104037779760e-01
8.316746799999999666e+02 5.780932774974831823e-01
8.334340640000000349e+02 5.804724622814756430e-01
8.351930340000000115e+02 5.828350034161160487e-01
8.369515910000000076e+02 5.851809422141300843e-01
8.387097330000000284e+02 5.875103159476751102e-01
8.404674609999999575e+02 5.898231658524148990e-01
8.422247760000000198e+02 5.921195330846065197e-01
8.439816769999999906e+02 5.943994561349552619e-01
8.457381639999999834e+02 5.966629747715193055e-01
8.474942369999999983e+02 5.989101287193752121e-01
8.492498960000000352e+02 6.011409576606419058e-01
8.510051409999999805e+02 6.033555012345042101e-01
8.527599729999999454e+02 6.055538002854725654e-01
8.545143900000000485e+02 6.077358918615249905e-01
8.562683939999999438e+02 6.099018179607655910e-01
8.580219839999999749e+02 6.120516168026961523e-01
8.597751600000000280e+02 6.141853278122400006e-01
8.615279219999999896e+02 6.163029903715284696e-01
8.632802709999999706e+02 6.184046450148406038e-01
8.650322049999999763e+02 6.204903286401410867e-01
8.667837260000000015e+02 6.225600828823720789e-01
8.685348330000000487e+02 6.246139457578756549e-01
8.702855260000000044e+02 6.266519564352304172e-01
8.720358049999999821e+02 6.286741540403708584e-01
8.737856699999999819e+02 6.306805776566033472e-01
8.755351220000000012e+02 6.326712674581687068e-01
8.772841590000000451e+02 6.346462601674214277e-01
8.790327829999999949e+02 6.366055969983470675e-01
8.807809929999999667e+02 6.385493157305019984e-01
8.825287889999999607e+02 6.404774552344703054e-01
8.842761709999999766e+02 6.423900543383536110e-01
8.860231390000000147e+02 6.442871518277937248e-01
8.877696929999999611e+02 6.461687864459926267e-01
8.895158340000000408e+02 6.480349979582213926e-01
8.912615610000000288e+02 6.498858239413007887e-01
8.930068730000000414e+02 6.517213019639211957e-01
8.947517719999999599e+02 6.535414727031394477e-01
8.964962580000000116e+02 6.553463746648375832e-01
8.982403289999999743e+02 6.571360442689013759e-01
8.999839859999999589e+02 6.589105210010721692e-01
9.017272299999999632e+02 6.606698442709686425e-01
9.034700599999999895e+02 6.624140514191250162e-01
9.052124760000000379e+02 6.641431807657847131e-01
9.069544779999999946e+02 6.658572705890115628e-01
9.086960659999999734e+02 6.675563591247173356e-01
9.104372399999999743e+02 6.692404845666821700e-01
9.121779999999999973e+02 6.709096850665812184e-01
9.139183470000000398e+02 6.725639996804142484e-01
9.156582799999999907e+02 6.742034655127069342e-01
9.173977989999999636e+02 6.758281205890077636e-01
9.191369039999999586e+02 6.774380028928543851e-01
9.208755949999999757e+02 6.790331503657953682e-01
9.226138720000000149e+02 6.806136009074141846e-01
9.243517359999999599e+02 6.821793932722344245e-01
9.260891850000000431e+02 6.837305634740209470e-01
9.278262210000000323e+02 6.852671510722116999e-01
9.295628430000000435e+02 6.867891929019336317e-01
9.312990509999999631e+02 6.882967266533497330e-01
9.330348450000000184e+02 6.897897899747977846e-01
9.401546660000000202e+02 6.957669450873606998e-01
9.421236040000000003e+02 6.973783226525611667e-01
9.440916439999999739e+02 6.989710443768721859e-01
9.460587860000000546e+02 7.005451748702924419e-01
9.480250300000000152e+02 7.021007786218849134e-01
9.499903749999999718e+02 7.036379192222965706e-01
9.519548220000000356e+02 7.051566617147115856e-01
9.539183709999999792e+02 7.066570702260817072e-01
9.558810220000000299e+02 7.081392087629230225e-01
9.578427749999999605e+02 7.096031412114527370e-01
9.598036299999999983e+02 7.110489313377015286e-01
9.617635860000000321e+02 7.124766420636436948e-01
9.637226439999999457e+02 7.138863376570285801e-01
9.656808039999999664e+02 7.152780815240249446e-01
9.676380659999999807e+02 7.166519369511172854e-01
9.695944289999999910e+02 7.180079664164864539e-01
9.715498949999999923e+02 7.193462343538827852e-01
9.735044619999999895e+02 7.206668023226976416e-01
9.754581309999999803e+02 7.219697338206185755e-01
9.774109019999999646e+02 7.232550915375193235e-01
9.793627750000000560e+02 7.245229380443407585e-01
9.813137490000000298e+02 7.257733351566204583e-01
9.832638249999999971e+02 7.270063458616151664e-01
9.852130029999999579e+02 7.282220323741359636e-01
9.871612830000000258e+02 7.294204567905580028e-01
9.891086649999999736e+02 7.306016810889413016e-01
9.910551490000000285e+02 7.317657671291595278e-01
9.930007339999999658e+02 7.329127760677169867e-01
9.949454210000000103e+02 7.340427701307108421e-01
9.968892100000000482e+02 7.351558108241169620e-01
9.988321009999999660e+02 7.362519595362186919e-01
1.000774093999999991e+03 7.373312775377272033e-01
1.002715188000000012e+03 7.383938254386976929e-01
1.004655384000000026e+03 7.394396648349785828e-01
1.006594682000000034e+03 7.404688566452444221e-01
1.008533082000000036e+03 7.414814616710918571e-01
1.010470584000000031e+03 7.424775405971675291e-01
1.012407187000000022e+03 7.434571534895724199e-01
1.014342893000000004e+03 7.444203618110787346e-01
1.016277699999999982e+03 7.453672249009675177e-01
1.018211608999999953e+03 7.462978034789524706e-01
1.020144619000000034e+03 7.472121571777559090e-01
1.022076731999999993e+03 7.481103469288528096e-01
1.024007945999999947e+03 7.489924316718066244e-01
1.025938263000000006e+03 7.498584720734942088e-01
1.027867680999999948e+03 7.507085268741180428e-01
1.029796199999999999e+03 7.515426556196307395e-01
1.031723821999999927e+03 7.523609185812234479e-01
1.033650544999999966e+03 7.531633742005499066e-01
1.035576371000000108e+03 7.539500824859000083e-01
1.037501297999999906e+03 7.547211016803219152e-01
1.039425326999999925e+03 7.554764911412390482e-01
1.041348457000000053e+03 7.562163093178511097e-01
1.043270690000000059e+03 7.569406156946127950e-01
1.045192023999999947e+03 7.576494681182093238e-01
1.047112460000000056e+03 7.583429254550440035e-01
1.049031997999999930e+03 7.590210460762807365e-01
1.050950638000000026e+03 7.596838882387095815e-01
1.052868379999999888e+03 7.603315100848688779e-01
1.054785223000000087e+03 7.609639693170922037e-01
1.056701168000000052e+03 7.615813241913005349e-01
1.058616215000000011e+03 7.621836325079449637e-01
1.060530363999999963e+03 7.627709519537169136e-01
1.062443614999999909e+03 7.633433401016649356e-01
1.064355966999999964e+03 7.639008541236003147e-01
1.066267421999999897e+03 7.644435519487053909e-01
1.068177977999999939e+03 7.649714902419533225e-01
1.070087635999999975e+03 7.654847264107038640e-01
1.071996394999999893e+03 7.659833172041197180e-01
1.073904256999999916e+03 7.664673200383012031e-01
1.075811220000000048e+03 7.669367911867315257e-01
1.077717284999999947e+03 7.673917875750304596e-01
1.079622452000000067e+03 7.678323657588284057e-01
1.081526720999999952e+03 7.682585821813256999e-01
1.083430092000000059e+03 7.686704931734262836e-01
1.085332564000000048e+03 7.690681547485107572e-01
1.087234138999999914e+03 7.694516234312658298e-01
1.089134814999999890e+03 7.698209548130470203e-01
1.091034591999999975e+03 7.701762047986813187e-01
1.092933471999999938e+03 7.705174295332750667e-01
1.094831453999999894e+03 7.708446844857386182e-01
1.096728536999999960e+03 7.711580250426250949e-01
1.098624722000000020e+03 7.714575068166906746e-01
1.100520009000000073e+03 7.717431851334271009e-01
1.102414397999999892e+03 7.720151152072265432e-01
1.104307888000000048e+03 7.722733520087055048e-01
1.106200481000000082e+03 7.725179508031785325e-01
1.108092174999999997e+03 7.727489662139577220e-01
1.109982970999999907e+03 7.729664531450102238e-01
1.111872869000000037e+03 7.731704662570071385e-01
1.113761868000000050e+03 7.733610600028715254e-01
1.115649969999999939e+03 7.735382890244308918e-01
1.117537172999999939e+03 7.737022074638244540e-01
1.119423477999999932e+03 7.738528696382767080e-01
1.121308884999999918e+03 7.739903296577441694e-01
1.123193393999999898e+03 7.741146415224151589e-01
1.125077003999999988e+03 7.742258590672346230e-01
1.126959716999999955e+03 7.743240361912842040e-01
1.128841531000000032e+03 7.744092264618234189e-01
1.130722447000000102e+03 7.744814834966891048e-01
1.132602464999999938e+03 7.745408607489574493e-01
1.134481584000000112e+03 7.745874115412796357e-01
1.136359805999999935e+03 7.746211891582768239e-01
1.138237129000000095e+03 7.746422466902194159e-01
1.140113554000000022e+03 7.746506371760113474e-01
1.141989080999999942e+03 7.746464135246107219e-01
1.143863708999999972e+03 7.746296285488192268e-01
1.145737440000000106e+03 7.746003349228840484e-01
1.147610271999999895e+03 7.745585852619867318e-01
1.149482205999999906e+03 7.745044320296301521e-01
1.151353241999999909e+03 7.744379275936399409e-01
1.153223379999999906e+03 7.743591242139871156e-01
1.155092619000000013e+03 7.742680740948952867e-01
1.156960960999999998e+03 7.741648291835430129e-01
1.158828404000000091e+03 7.740494415275218643e-01
1.160694948999999951e+03 7.739219629045193116e-01
1.162560596000000032e+03 7.737824450369501506e-01
1.164425343999999996e+03 7.736309396245570902e-01
1.166289195000000063e+03 7.734674980130780142e-01
1.168152147000000014e+03 7.732921717791949590e-01
1.170014200999999957e+03 7.731050121329285929e-01
1.171875356999999894e+03 7.729060702621075585e-01
1.173735615000000053e+03 7.726953972480155031e-01
1.175594974000000093e+03 7.724730441882465826e-01
1.177453436000000011e+03 7.722390617121526191e-01
1.179310999000000038e+03 7.719935008338341120e-01
1.181167664000000059e+03 7.717364120867520327e-01
1.183023429999999962e+03 7.714678461689978839e-01
1.184878298999999970e+03 7.711878532355238569e-01
1.186732269000000088e+03 7.708964839268799274e-01
1.188585340999999971e+03 7.705937883282527601e-01
1.190437515999999960e+03 7.702798163945927534e-01
1.192288790999999947e+03 7.699546186658561275e-01
1.194139169000000038e+03 7.696182445411934303e-01
1.195988648000000012e+03 7.692707441959303338e-01
1.197837230000000091e+03 7.689121669610545773e-01
1.199684913000000051e+03 7.685425628263597986e-01
1.201531698000000006e+03 7.681619810979607443e-01
1.203377584000000070e+03 7.677704713833519712e-01
1.205222573000000011e+03 7.673680825461679511e-01
1.207066663000000062e+03 7.669548642059851318e-01
1.208909855000000107e+03 7.665308652267586176e-01
1.210752148999999918e+03 7.660961345833534608e-01
1.212593544999999949e+03 7.656507211465646279e-01
1.214434042999999974e+03 7.651946736832315743e-01
1.216273642000000109e+03 7.647280411129462330e-01
1.218112343000000010e+03 7.642508717500886561e-01
1.219950145999999904e+03 7.637632140502721434e-01
1.221787051000000019e+03 7.632651163656283266e-01
1.223623057999999901e+03 7.627566269449168601e-01
1.225458165999999892e+03 7.622377942192493094e-01
1.227292376999999988e+03 7.617086656655303045e-01
1.229125688999999966e+03 7.611692898000224083e-01
1.230958102999999937e+03 7.606197141735124845e-01
1.232789618000000019e+03 7.600599868280508709e-01
1.234620235999999977e+03 7.594901547833372568e-01
1.236449955000000045e+03 7.589102661902726865e-01
1.238278776999999991e+03 7.583203678409313753e-01
1.240106700000000046e+03 7.577205077040107817e-01
1.241933723999999984e+03 7.571107330176753969e-01
1.243759851000000026e+03 7.564910902336792198e-01
1.245585078999999951e+03 7.558616270479325827e-01
1.247409409999999980e+03 7.552223896861374186e-01
1.249232841999999891e+03 7.545734256627607550e-01
1.251055376000000024e+03 7.539147813422051314e-01
1.252877011000000039e+03 7.532465037045850131e-01
1.254697748999999931e+03 7.525686385253149702e-01
1.256517587999999932e+03 7.518812329568262953e-01
1.258336528999999928e+03 7.511843329361904686e-01
1.260154571999999916e+03 7.504779846690161627e-01
1.261971716999999899e+03 7.497622342599910006e-01
1.263787964000000102e+03 7.490371277129894700e-01
1.265603311999999960e+03 7.483027113384110862e-01
1.267417762000000039e+03 7.475590305422343818e-01
1.269231314000000111e+03 7.468061310265392549e-01
1.271043967999999950e+03 7.460440583930569858e-01
1.272855724000000009e+03 7.452728581432919164e-01
1.274666580999999951e+03 7.444925761121239383e-01
1.276476540000000114e+03 7.437032571778332546e-01
1.278285601000000042e+03 7.429049465418553488e-01
1.280093763999999965e+03 7.420976893058588431e-01
1.281901029000000108e+03 7.412815304718560760e-01
1.283707396000000017e+03 7.404565149423150139e-01
1.285512864000000036e+03 7.396226879846654612e-01
1.287317434000000048e+03 7.387800938484154756e-01
1.289121106000000054e+03 7.379287771380460548e-01
1.290923880000000054e+03 7.370687823589578969e-01
1.292725754999999936e+03 7.362001544021614663e-01
1.294526732999999922e+03 7.353229366110873855e-01
1.296326812000000018e+03 7.344371741686952504e-01
1.298125993000000108e+03 7.335429107005770888e-01
1.299924275999999963e+03 7.326401902183894421e-01
